name: py_atmosphere
channels:
  - conda-forge
dependencies:
  - bzip2=1.0.8=h2466b09_7
  - ca-certificates=2024.12.14=h56e8100_0
  - libffi=3.4.2=h8ffe710_5
  - liblzma=5.6.3=h2466b09_1
  - libsqlite=3.47.2=h67fdade_0
  - libzlib=1.3.1=h2466b09_2
  - openssl=3.4.0=ha4e3fda_1
  - pip=24.3.1=pyh8b19718_2
  - python=3.9.21=h37870fc_1_cpython
  - setuptools=75.8.0=pyhff2d567_0
  - tk=8.6.13=h5226925_1
  - tzdata=2024b=hc8b5060_0
  - ucrt=10.0.22621.0=h57928b3_1
  - vc=14.3=ha32ba9b_23
  - vc14_runtime=14.42.34433=he29a5d6_23
  - vs2015_runtime=14.42.34433=hdffcdeb_23
  - wheel=0.45.1=pyhd8ed1ab_1
